1,1	b,9,4
1,1	b,7,12
1,1	b,3,3
1,1	b,10,6
1,1	b,8,12
1,1	b,1,9
1,1	b,4,9
1,1	b,6,18
1,1	b,11,17
1,1	b,2,13
1,1	b,5,1
1,2	b,7,9
1,2	b,6,14
1,2	b,11,15
1,2	b,2,17
1,2	b,10,17
1,2	b,3,19
1,2	b,9,17
1,2	b,4,4
1,2	b,1,3
1,2	b,8,1
1,2	b,5,18
1,3	b,8,12
1,3	b,7,8
1,3	b,4,12
1,3	b,6,10
1,3	b,10,2
1,3	b,2,15
1,3	b,11,17
1,3	b,1,18
1,3	b,5,4
1,3	b,3,19
1,3	b,9,5
2,1	b,2,13
2,1	b,9,4
2,1	b,5,1
2,1	b,11,17
2,1	b,4,9
2,1	b,7,12
2,1	b,8,12
2,1	b,6,18
2,1	b,1,9
2,1	b,10,6
2,1	b,3,3
2,2	b,6,14
2,2	b,11,15
2,2	b,10,17
2,2	b,9,17
2,2	b,8,1
2,2	b,7,9
2,2	b,5,18
2,2	b,4,4
2,2	b,3,19
2,2	b,2,17
2,2	b,1,3
2,3	b,9,5
2,3	b,10,2
2,3	b,2,15
2,3	b,6,10
2,3	b,1,18
2,3	b,5,4
2,3	b,4,12
2,3	b,11,17
2,3	b,8,12
2,3	b,7,8
2,3	b,3,19
3,1	b,10,6
3,1	b,9,4
3,1	b,7,12
3,1	b,11,17
3,1	b,3,3
3,1	b,5,1
3,1	b,2,13
3,1	b,8,12
3,1	b,6,18
3,1	b,1,9
3,1	b,4,9
3,2	b,5,18
3,2	b,7,9
3,2	b,4,4
3,2	b,8,1
3,2	b,3,19
3,2	b,9,17
3,2	b,2,17
3,2	b,11,15
3,2	b,10,17
3,2	b,1,3
3,2	b,6,14
3,3	b,5,4
3,3	b,10,2
3,3	b,1,18
3,3	b,6,10
3,3	b,8,12
3,3	b,4,12
3,3	b,7,8
3,3	b,2,15
3,3	b,11,17
3,3	b,9,5
3,3	b,3,19
